O3
0   0   0   0
0   1   0   0
0   2   0   0
0   3   0   0
0   4   0   0
1   0   0   0
1   1   0   0
1   2   0   0
1   3   0   0
1   4   0   0
2   0   0   0
2   1   0   0
2   2   0   0
2   3   0   0
2   4   0   0
3   0   0   0
3   1   0   0
3   2   0   0
3   3   0   0
3   4   0   0
4   0   0   0
4   1   0   0
4   2   0   0
4   3   0   0
4   4   0   0
NO2
0   0   0   0
0   1   0   0
0   2   0   0
0   3   0   0
0   4   0   0
1   0   0   0
1   1   0   0
1   2   0   0
1   3   0   0
1   4   0   0
2   0   0   0
2   1   0   0
2   2   0   0
2   3   0   0
2   4   0   0
3   0   0   0
3   1   0   0
3   2   0   0
3   3   0   0
3   4   0   0
4   0   0   0
4   1   0   0
4   2   0   0
4   3   0   0
4   4   0   0
NO
0   0   0   0
0   1   0   0
0   2   0   0
0   3   0   0
0   4   0   0
1   0   0   0
1   1   0   0
1   2   0   0
1   3   0   0
1   4   0   0
2   0   0   0
2   1   0   0
2   2   0   0
2   3   0   0
2   4   0   0
3   0   0   0
3   1   0   0
3   2   0   0
3   3   0   0
3   4   0   0
4   0   0   0
4   1   0   0
4   2   0   0
4   3   0   0
4   4   0   0
AP
0   0   0   0
0   1   0   0
0   2   0   0
0   3   0   0
0   4   0   0
1   0   0   0
1   1   0   0
1   2   0   0
1   3   0   0
1   4   0   0
2   0   0   0
2   1   0   0
2   2   0   0
2   3   0   0
2   4   0   0
3   0   0   0
3   1   0   0
3   2   0   0
3   3   0   0
3   4   0   0
4   0   0   0
4   1   0   0
4   2   0   0
4   3   0   0
4   4   0   0
APN
0   0   0   0
0   1   0   0
0   2   0   0
0   3   0   0
0   4   0   0
1   0   0   0
1   1   0   0
1   2   0   0
1   3   0   0
1   4   0   0
2   0   0   0
2   1   0   0
2   2   0   0
2   3   0   0
2   4   0   0
3   0   0   0
3   1   0   0
3   2   0   0
3   3   0   0
3   4   0   0
4   0   0   0
4   1   0   0
4   2   0   0
4   3   0   0
4   4   0   0
HNO3
0   0   0   0
0   1   0   0
0   2   0   0
0   3   0   0
0   4   0   0
1   0   0   0
1   1   0   0
1   2   0   0
1   3   0   0
1   4   0   0
2   0   0   0
2   1   0   0
2   2   0   0
2   3   0   0
2   4   0   0
3   0   0   0
3   1   0   0
3   2   0   0
3   3   0   0
3   4   0   0
4   0   0   0
4   1   0   0
4   2   0   0
4   3   0   0
4   4   0   0
HO
0   0   0   0
0   1   0   0
0   2   0   0
0   3   0   0
0   4   0   0
1   0   0   0
1   1   0   0
1   2   0   0
1   3   0   0
1   4   0   0
2   0   0   0
2   1   0   0
2   2   0   0
2   3   0   0
2   4   0   0
3   0   0   0
3   1   0   0
3   2   0   0
3   3   0   0
3   4   0   0
4   0   0   0
4   1   0   0
4   2   0   0
4   3   0   0
4   4   0   0
HO2
0   0   0   0
0   1   0   0
0   2   0   0
0   3   0   0
0   4   0   0
1   0   0   0
1   1   0   0
1   2   0   0
1   3   0   0
1   4   0   0
2   0   0   0
2   1   0   0
2   2   0   0
2   3   0   0
2   4   0   0
3   0   0   0
3   1   0   0
3   2   0   0
3   3   0   0
3   4   0   0
4   0   0   0
4   1   0   0
4   2   0   0
4   3   0   0
4   4   0   0
H2O
0   0   0   0
0   1   0   0
0   2   0   0
0   3   0   0
0   4   0   0
1   0   0   0
1   1   0   0
1   2   0   0
1   3   0   0
1   4   0   0
2   0   0   0
2   1   0   0
2   2   0   0
2   3   0   0
2   4   0   0
3   0   0   0
3   1   0   0
3   2   0   0
3   3   0   0
3   4   0   0
4   0   0   0
4   1   0   0
4   2   0   0
4   3   0   0
4   4   0   0
PROD
0   0   0   0
0   1   0   0
0   2   0   0
0   3   0   0
0   4   0   0
1   0   0   0
1   1   0   0
1   2   0   0
1   3   0   0
1   4   0   0
2   0   0   0
2   1   0   0
2   2   0   0
2   3   0   0
2   4   0   0
3   0   0   0
3   1   0   0
3   2   0   0
3   3   0   0
3   4   0   0
4   0   0   0
4   1   0   0
4   2   0   0
4   3   0   0
4   4   0   0
RO2
0   0   0   0
0   1   0   0
0   2   0   0
0   3   0   0
0   4   0   0
1   0   0   0
1   1   0   0
1   2   0   0
1   3   0   0
1   4   0   0
2   0   0   0
2   1   0   0
2   2   0   0
2   3   0   0
2   4   0   0
3   0   0   0
3   1   0   0
3   2   0   0
3   3   0   0
3   4   0   0
4   0   0   0
4   1   0   0
4   2   0   0
4   3   0   0
4   4   0   0
