O3
0   0   0   10
0   1   0   10
0   2   0   10
0   3   0   10
0   4   0   10
1   0   0   10
1   1   0   10
1   2   0   10
1   3   0   10
1   4   0   10
2   0   0   10
2   1   0   10
2   2   0   10
2   3   0   10
2   4   0   10
3   0   0   10
3   1   0   10
3   2   0   10
3   3   0   10
3   4   0   10
4   0   0   10
4   1   0   10
4   2   0   10
4   3   0   10
4   4   0   10
NO2
0   0   0   10
0   1   0   10
0   2   0   10
0   3   0   10
0   4   0   10
1   0   0   10
1   1   0   10
1   2   0   10
1   3   0   10
1   4   0   10
2   0   0   10
2   1   0   10
2   2   0   10
2   3   0   10
2   4   0   10
3   0   0   10
3   1   0   10
3   2   0   10
3   3   0   10
3   4   0   10
4   0   0   10
4   1   0   10
4   2   0   10
4   3   0   10
4   4   0   10
NO
0   0   0   10
0   1   0   10
0   2   0   10
0   3   0   10
0   4   0   10
1   0   0   10
1   1   0   10
1   2   0   10
1   3   0   10
1   4   0   10
2   0   0   10
2   1   0   10
2   2   0   10
2   3   0   10
2   4   0   10
3   0   0   10
3   1   0   10
3   2   0   10
3   3   0   10
3   4   0   10
4   0   0   10
4   1   0   10
4   2   0   10
4   3   0   10
4   4   0   10
AP
0   0   0   10
0   1   0   10
0   2   0   10
0   3   0   10
0   4   0   10
1   0   0   10
1   1   0   10
1   2   0   10
1   3   0   10
1   4   0   10
2   0   0   10
2   1   0   10
2   2   0   10
2   3   0   10
2   4   0   10
3   0   0   10
3   1   0   10
3   2   0   10
3   3   0   10
3   4   0   10
4   0   0   10
4   1   0   10
4   2   0   10
4   3   0   10
4   4   0   10
APN
0   0   0   10
0   1   0   10
0   2   0   10
0   3   0   10
0   4   0   10
1   0   0   10
1   1   0   10
1   2   0   10
1   3   0   10
1   4   0   10
2   0   0   10
2   1   0   10
2   2   0   10
2   3   0   10
2   4   0   10
3   0   0   10
3   1   0   10
3   2   0   10
3   3   0   10
3   4   0   10
4   0   0   10
4   1   0   10
4   2   0   10
4   3   0   10
4   4   0   10
HNO3
0   0   0   10
0   1   0   10
0   2   0   10
0   3   0   10
0   4   0   10
1   0   0   10
1   1   0   10
1   2   0   10
1   3   0   10
1   4   0   10
2   0   0   10
2   1   0   10
2   2   0   10
2   3   0   10
2   4   0   10
3   0   0   10
3   1   0   10
3   2   0   10
3   3   0   10
3   4   0   10
4   0   0   10
4   1   0   10
4   2   0   10
4   3   0   10
4   4   0   10
HO
0   0   0   10
0   1   0   10
0   2   0   10
0   3   0   10
0   4   0   10
1   0   0   10
1   1   0   10
1   2   0   10
1   3   0   10
1   4   0   10
2   0   0   10
2   1   0   10
2   2   0   10
2   3   0   10
2   4   0   10
3   0   0   10
3   1   0   10
3   2   0   10
3   3   0   10
3   4   0   10
4   0   0   10
4   1   0   10
4   2   0   10
4   3   0   10
4   4   0   10
HO2
0   0   0   10
0   1   0   10
0   2   0   10
0   3   0   10
0   4   0   10
1   0   0   10
1   1   0   10
1   2   0   10
1   3   0   10
1   4   0   10
2   0   0   10
2   1   0   10
2   2   0   10
2   3   0   10
2   4   0   10
3   0   0   10
3   1   0   10
3   2   0   10
3   3   0   10
3   4   0   10
4   0   0   10
4   1   0   10
4   2   0   10
4   3   0   10
4   4   0   10
H2O
0   0   0   10
0   1   0   10
0   2   0   10
0   3   0   10
0   4   0   10
1   0   0   10
1   1   0   10
1   2   0   10
1   3   0   10
1   4   0   10
2   0   0   10
2   1   0   10
2   2   0   10
2   3   0   10
2   4   0   10
3   0   0   10
3   1   0   10
3   2   0   10
3   3   0   10
3   4   0   10
4   0   0   10
4   1   0   10
4   2   0   10
4   3   0   10
4   4   0   10
PROD
0   0   0   10
0   1   0   10
0   2   0   10
0   3   0   10
0   4   0   10
1   0   0   10
1   1   0   10
1   2   0   10
1   3   0   10
1   4   0   10
2   0   0   10
2   1   0   10
2   2   0   10
2   3   0   10
2   4   0   10
3   0   0   10
3   1   0   10
3   2   0   10
3   3   0   10
3   4   0   10
4   0   0   10
4   1   0   10
4   2   0   10
4   3   0   10
4   4   0   10
RO2
0   0   0   10
0   1   0   10
0   2   0   10
0   3   0   10
0   4   0   10
1   0   0   10
1   1   0   10
1   2   0   10
1   3   0   10
1   4   0   10
2   0   0   10
2   1   0   10
2   2   0   10
2   3   0   10
2   4   0   10
3   0   0   10
3   1   0   10
3   2   0   10
3   3   0   10
3   4   0   10
4   0   0   10
4   1   0   10
4   2   0   10
4   3   0   10
4   4   0   10
