0   0   0   8
0   0   1   50
0   0   2   74
0   0   3   59
0   0   4   31
0   1   0   73
0   1   1   45
0   1   2   79
0   1   3   24
0   1   4   10
0   2   0   41
0   2   1   66
0   2   2   93
0   2   3   43
0   2   4   88
0   3   0   4
0   3   1   28
0   3   2   30
0   3   3   41
0   3   4   13
0   4   0   4
0   4   1   70
0   4   2   10
0   4   3   58
0   4   4   61
1   0   0   34
1   0   1   100
1   0   2   79
1   0   3   17
1   0   4   36
1   1   0   98
1   1   1   27
1   1   2   13
1   1   3   68
1   1   4   11
1   2   0   34
1   2   1   80
1   2   2   50
1   2   3   80
1   2   4   22
1   3   0   68
1   3   1   73
1   3   2   94
1   3   3   37
1   3   4   86
1   4   0   46
1   4   1   29
1   4   2   92
1   4   3   95
1   4   4   58
2   0   0   2
2   0   1   54
2   0   2   9
2   0   3   45
2   0   4   69
2   1   0   91
2   1   1   25
2   1   2   97
2   1   3   31
2   1   4   4
2   2   0   23
2   2   1   67
2   2   2   50
2   2   3   25
2   2   4   2
2   3   0   54
2   3   1   78
2   3   2   9
2   3   3   29
2   3   4   34
2   4   0   99
2   4   1   82
2   4   2   36
2   4   3   14
2   4   4   66
3   0   0   15
3   0   1   64
3   0   2   37
3   0   3   26
3   0   4   70
3   1   0   16
3   1   1   95
3   1   2   30
3   1   3   2
3   1   4   18
3   2   0   96
3   2   1   6
3   2   2   5
3   2   3   52
3   2   4   99
3   3   0   89
3   3   1   24
3   3   2   6
3   3   3   83
3   3   4   53
3   4   0   67
3   4   1   17
3   4   2   38
3   4   3   39
3   4   4   45
4   0   0   2
4   0   1   98
4   0   2   72
4   0   3   29
4   0   4   38
4   1   0   59
4   1   1   78
4   1   2   98
4   1   3   95
4   1   4   5
4   2   0   10
4   2   1   32
4   2   2   46
4   2   3   76
4   2   4   36
4   3   0   99
4   3   1   43
4   3   2   100
4   3   3   69
4   3   4   13
4   4   0   61
4   4   1   58
4   4   2   95
4   4   3   9
4   4   4   96
