0   0   0   42
0   0   1   28
0   0   2   80
0   0   3   85
0   0   4   38
0   1   0   71
0   1   1   62
0   1   2   82
0   1   3   66
0   1   4   3
0   2   0   33
0   2   1   33
0   2   2   55
0   2   3   60
0   2   4   48
0   3   0   78
0   3   1   63
0   3   2   11
0   3   3   20
0   3   4   51
0   4   0   78
0   4   1   42
0   4   2   37
0   4   3   21
0   4   4   100
1   0   0   13
1   0   1   60
1   0   2   57
1   0   3   91
1   0   4   53
1   1   0   49
1   1   1   15
1   1   2   45
1   1   3   19
1   1   4   51
1   2   0   2
1   2   1   96
1   2   2   22
1   2   3   32
1   2   4   2
1   3   0   46
1   3   1   62
1   3   2   58
1   3   3   11
1   3   4   29
1   4   0   6
1   4   1   74
1   4   2   38
1   4   3   70
1   4   4   97
2   0   0   4
2   0   1   22
2   0   2   76
2   0   3   19
2   0   4   1
2   1   0   90
2   1   1   63
2   1   2   55
2   1   3   64
2   1   4   44
2   2   0   90
2   2   1   51
2   2   2   36
2   2   3   16
2   2   4   65
2   3   0   95
2   3   1   64
2   3   2   59
2   3   3   53
2   3   4   93
2   4   0   17
2   4   1   15
2   4   2   21
2   4   3   61
2   4   4   51
3   0   0   69
3   0   1   42
3   0   2   48
3   0   3   97
3   0   4   88
3   1   0   2
3   1   1   35
3   1   2   29
3   1   3   72
3   1   4   49
3   2   0   76
3   2   1   54
3   2   2   72
3   2   3   30
3   2   4   94
3   3   0   20
3   3   1   72
3   3   2   21
3   3   3   65
3   3   4   80
3   4   0   31
3   4   1   11
3   4   2   81
3   4   3   14
3   4   4   43
4   0   0   39
4   0   1   83
4   0   2   45
4   0   3   29
4   0   4   94
4   1   0   76
4   1   1   81
4   1   2   1
4   1   3   97
4   1   4   48
4   2   0   71
4   2   1   88
4   2   2   44
4   2   3   34
4   2   4   53
4   3   0   62
4   3   1   25
4   3   2   1
4   3   3   81
4   3   4   79
4   4   0   58
4   4   1   24
4   4   2   99
4   4   3   15
4   4   4   46
