0   0   0   63
0   0   1   10
0   0   2   11
0   0   3   50
0   0   4   19
0   1   0   91
0   1   1   56
0   1   2   44
0   1   3   56
0   1   4   86
0   2   0   35
0   2   1   76
0   2   2   22
0   2   3   52
0   2   4   27
0   3   0   52
0   3   1   60
0   3   2   84
0   3   3   15
0   3   4   38
0   4   0   80
0   4   1   99
0   4   2   1
0   4   3   38
0   4   4   86
1   0   0   79
1   0   1   85
1   0   2   43
1   0   3   16
1   0   4   61
1   1   0   68
1   1   1   41
1   1   2   8
1   1   3   67
1   1   4   29
1   2   0   63
1   2   1   64
1   2   2   70
1   2   3   91
1   2   4   24
1   3   0   79
1   3   1   14
1   3   2   62
1   3   3   11
1   3   4   41
1   4   0   79
1   4   1   1
1   4   2   95
1   4   3   8
1   4   4   57
2   0   0   52
2   0   1   87
2   0   2   32
2   0   3   45
2   0   4   40
2   1   0   77
2   1   1   85
2   1   2   53
2   1   3   9
2   1   4   15
2   2   0   55
2   2   1   20
2   2   2   29
2   2   3   72
2   2   4   71
2   3   0   64
2   3   1   48
2   3   2   25
2   3   3   44
2   3   4   55
2   4   0   9
2   4   1   82
2   4   2   53
2   4   3   89
2   4   4   64
3   0   0   60
3   0   1   20
3   0   2   80
3   0   3   57
3   0   4   62
3   1   0   88
3   1   1   54
3   1   2   100
3   1   3   89
3   1   4   45
3   2   0   81
3   2   1   67
3   2   2   84
3   2   3   75
3   2   4   37
3   3   0   10
3   3   1   68
3   3   2   35
3   3   3   40
3   3   4   85
3   4   0   52
3   4   1   50
3   4   2   67
3   4   3   68
3   4   4   11
4   0   0   90
4   0   1   28
4   0   2   74
4   0   3   82
4   0   4   96
4   1   0   37
4   1   1   75
4   1   2   36
4   1   3   32
4   1   4   73
4   2   0   29
4   2   1   99
4   2   2   71
4   2   3   88
4   2   4   98
4   3   0   90
4   3   1   47
4   3   2   91
4   3   3   12
4   3   4   13
4   4   0   64
4   4   1   13
4   4   2   82
4   4   3   52
4   4   4   31
