0   0   0   69
0   0   1   14
0   0   2   31
0   0   3   7
0   0   4   63
0   1   0   43
0   1   1   66
0   1   2   83
0   1   3   53
0   1   4   68
0   2   0   22
0   2   1   96
0   2   2   13
0   2   3   72
0   2   4   2
0   3   0   91
0   3   1   32
0   3   2   39
0   3   3   58
0   3   4   17
0   4   0   91
0   4   1   41
0   4   2   80
0   4   3   36
0   4   4   7
1   0   0   73
1   0   1   99
1   0   2   96
1   0   3   20
1   0   4   55
1   1   0   24
1   1   1   90
1   1   2   61
1   1   3   6
1   1   4   27
1   2   0   24
1   2   1   7
1   2   2   14
1   2   3   71
1   2   4   39
1   3   0   95
1   3   1   21
1   3   2   45
1   3   3   67
1   3   4   35
1   4   0   27
1   4   1   95
1   4   2   64
1   4   3   39
1   4   4   45
2   0   0   91
2   0   1   51
2   0   2   60
2   0   3   24
2   0   4   48
2   1   0   86
2   1   1   18
2   1   2   73
2   1   3   40
2   1   4   48
2   2   0   86
2   2   1   97
2   2   2   86
2   2   3   24
2   2   4   21
2   3   0   45
2   3   1   69
2   3   2   36
2   3   3   16
2   3   4   26
2   4   0   35
2   4   1   43
2   4   2   12
2   4   3   80
2   4   4   53
3   0   0   45
3   0   1   96
3   0   2   19
3   0   3   97
3   0   4   93
3   1   0   16
3   1   1   92
3   1   2   34
3   1   3   70
3   1   4   98
3   2   0   54
3   2   1   48
3   2   2   26
3   2   3   11
3   2   4   63
3   3   0   12
3   3   1   9
3   3   2   78
3   3   3   62
3   3   4   26
3   4   0   36
3   4   1   69
3   4   2   96
3   4   3   77
3   4   4   68
4   0   0   40
4   0   1   75
4   0   2   32
4   0   3   57
4   0   4   2
4   1   0   73
4   1   1   61
4   1   2   95
4   1   3   85
4   1   4   56
4   2   0   90
4   2   1   8
4   2   2   16
4   2   3   94
4   2   4   70
4   3   0   81
4   3   1   56
4   3   2   56
4   3   3   7
4   3   4   64
4   4   0   3
4   4   1   77
4   4   2   9
4   4   3   50
4   4   4   32
