0   0   0   22
0   0   1   14
0   0   2   29
0   0   3   51
0   0   4   1
0   1   0   60
0   1   1   55
0   1   2   93
0   1   3   95
0   1   4   31
0   2   0   33
0   2   1   60
0   2   2   78
0   2   3   80
0   2   4   33
0   3   0   73
0   3   1   84
0   3   2   82
0   3   3   54
0   3   4   23
0   4   0   22
0   4   1   57
0   4   2   19
0   4   3   92
0   4   4   1
1   0   0   97
1   0   1   21
1   0   2   5
1   0   3   100
1   0   4   30
1   1   0   45
1   1   1   76
1   1   2   71
1   1   3   17
1   1   4   100
1   2   0   81
1   2   1   19
1   2   2   89
1   2   3   53
1   2   4   29
1   3   0   1
1   3   1   63
1   3   2   41
1   3   3   50
1   3   4   86
1   4   0   84
1   4   1   16
1   4   2   60
1   4   3   79
1   4   4   60
2   0   0   62
2   0   1   83
2   0   2   49
2   0   3   55
2   0   4   41
2   1   0   82
2   1   1   71
2   1   2   29
2   1   3   52
2   1   4   45
2   2   0   70
2   2   1   96
2   2   2   70
2   2   3   11
2   2   4   73
2   3   0   24
2   3   1   26
2   3   2   20
2   3   3   51
2   3   4   32
2   4   0   44
2   4   1   47
2   4   2   70
2   4   3   71
2   4   4   95
3   0   0   11
3   0   1   93
3   0   2   65
3   0   3   25
3   0   4   62
3   1   0   20
3   1   1   21
3   1   2   63
3   1   3   62
3   1   4   26
3   2   0   35
3   2   1   50
3   2   2   91
3   2   3   23
3   2   4   61
3   3   0   94
3   3   1   29
3   3   2   23
3   3   3   82
3   3   4   67
3   4   0   69
3   4   1   24
3   4   2   23
3   4   3   40
3   4   4   18
4   0   0   94
4   0   1   65
4   0   2   79
4   0   3   57
4   0   4   72
4   1   0   42
4   1   1   56
4   1   2   37
4   1   3   90
4   1   4   29
4   2   0   21
4   2   1   3
4   2   2   13
4   2   3   17
4   2   4   48
4   3   0   47
4   3   1   52
4   3   2   73
4   3   3   12
4   3   4   24
4   4   0   37
4   4   1   6
4   4   2   8
4   4   3   34
4   4   4   67
