0   0   0   60
0   0   1   7
0   0   2   31
0   0   3   25
0   0   4   33
0   1   0   74
0   1   1   4
0   1   2   98
0   1   3   21
0   1   4   51
0   2   0   32
0   2   1   81
0   2   2   4
0   2   3   1
0   2   4   21
0   3   0   34
0   3   1   59
0   3   2   4
0   3   3   77
0   3   4   51
0   4   0   35
0   4   1   81
0   4   2   80
0   4   3   33
0   4   4   75
1   0   0   50
1   0   1   43
1   0   2   50
1   0   3   72
1   0   4   11
1   1   0   80
1   1   1   84
1   1   2   71
1   1   3   41
1   1   4   24
1   2   0   51
1   2   1   72
1   2   2   30
1   2   3   19
1   2   4   47
1   3   0   100
1   3   1   31
1   3   2   22
1   3   3   77
1   3   4   25
1   4   0   45
1   4   1   59
1   4   2   97
1   4   3   72
1   4   4   65
2   0   0   61
2   0   1   99
2   0   2   52
2   0   3   41
2   0   4   4
2   1   0   52
2   1   1   2
2   1   2   6
2   1   3   81
2   1   4   19
2   2   0   75
2   2   1   50
2   2   2   14
2   2   3   21
2   2   4   26
2   3   0   13
2   3   1   84
2   3   2   89
2   3   3   18
2   3   4   9
2   4   0   51
2   4   1   25
2   4   2   96
2   4   3   58
2   4   4   12
3   0   0   91
3   0   1   67
3   0   2   11
3   0   3   94
3   0   4   54
3   1   0   66
3   1   1   61
3   1   2   43
3   1   3   4
3   1   4   53
3   2   0   8
3   2   1   42
3   2   2   11
3   2   3   1
3   2   4   100
3   3   0   28
3   3   1   72
3   3   2   88
3   3   3   15
3   3   4   26
3   4   0   42
3   4   1   18
3   4   2   49
3   4   3   43
3   4   4   16
4   0   0   75
4   0   1   46
4   0   2   74
4   0   3   21
4   0   4   12
4   1   0   40
4   1   1   55
4   1   2   6
4   1   3   30
4   1   4   54
4   2   0   90
4   2   1   67
4   2   2   57
4   2   3   5
4   2   4   61
4   3   0   99
4   3   1   93
4   3   2   21
4   3   3   17
4   3   4   81
4   4   0   68
4   4   1   53
4   4   2   40
4   4   3   99
4   4   4   2
