0   0   0   45
0   0   1   39
0   0   2   9
0   0   3   98
0   0   4   52
0   1   0   50
0   1   1   4
0   1   2   32
0   1   3   32
0   1   4   15
0   2   0   20
0   2   1   76
0   2   2   10
0   2   3   81
0   2   4   30
0   3   0   24
0   3   1   55
0   3   2   61
0   3   3   38
0   3   4   46
0   4   0   18
0   4   1   26
0   4   2   1
0   4   3   57
0   4   4   65
1   0   0   98
1   0   1   49
1   0   2   5
1   0   3   51
1   0   4   51
1   1   0   77
1   1   1   13
1   1   2   55
1   1   3   98
1   1   4   5
1   2   0   82
1   2   1   49
1   2   2   66
1   2   3   79
1   2   4   100
1   3   0   10
1   3   1   30
1   3   2   54
1   3   3   84
1   3   4   48
1   4   0   8
1   4   1   74
1   4   2   23
1   4   3   6
1   4   4   77
2   0   0   54
2   0   1   25
2   0   2   31
2   0   3   67
2   0   4   1
2   1   0   45
2   1   1   71
2   1   2   86
2   1   3   17
2   1   4   99
2   2   0   56
2   2   1   34
2   2   2   58
2   2   3   77
2   2   4   79
2   3   0   67
2   3   1   58
2   3   2   12
2   3   3   79
2   3   4   15
2   4   0   20
2   4   1   38
2   4   2   34
2   4   3   92
2   4   4   21
3   0   0   63
3   0   1   34
3   0   2   98
3   0   3   32
3   0   4   89
3   1   0   90
3   1   1   74
3   1   2   78
3   1   3   5
3   1   4   59
3   2   0   1
3   2   1   55
3   2   2   61
3   2   3   16
3   2   4   48
3   3   0   81
3   3   1   31
3   3   2   56
3   3   3   47
3   3   4   8
3   4   0   39
3   4   1   1
3   4   2   27
3   4   3   36
3   4   4   58
4   0   0   14
4   0   1   15
4   0   2   94
4   0   3   61
4   0   4   55
4   1   0   19
4   1   1   58
4   1   2   86
4   1   3   30
4   1   4   16
4   2   0   64
4   2   1   3
4   2   2   18
4   2   3   44
4   2   4   20
4   3   0   68
4   3   1   48
4   3   2   70
4   3   3   96
4   3   4   4
4   4   0   74
4   4   1   4
4   4   2   49
4   4   3   86
4   4   4   59
