0   0   0   12
0   0   1   17
0   0   2   92
0   0   3   72
0   0   4   29
0   1   0   72
0   1   1   62
0   1   2   46
0   1   3   21
0   1   4   41
0   2   0   59
0   2   1   54
0   2   2   28
0   2   3   51
0   2   4   12
0   3   0   64
0   3   1   95
0   3   2   34
0   3   3   28
0   3   4   28
0   4   0   96
0   4   1   32
0   4   2   43
0   4   3   17
0   4   4   7
1   0   0   16
1   0   1   25
1   0   2   2
1   0   3   98
1   0   4   62
1   1   0   4
1   1   1   25
1   1   2   9
1   1   3   37
1   1   4   82
1   2   0   16
1   2   1   11
1   2   2   17
1   2   3   6
1   2   4   74
1   3   0   82
1   3   1   21
1   3   2   92
1   3   3   70
1   3   4   66
1   4   0   28
1   4   1   37
1   4   2   29
1   4   3   26
1   4   4   85
2   0   0   68
2   0   1   50
2   0   2   77
2   0   3   47
2   0   4   77
2   1   0   67
2   1   1   68
2   1   2   21
2   1   3   85
2   1   4   92
2   2   0   11
2   2   1   59
2   2   2   12
2   2   3   45
2   2   4   19
2   3   0   19
2   3   1   35
2   3   2   26
2   3   3   68
2   3   4   90
2   4   0   19
2   4   1   15
2   4   2   26
2   4   3   19
2   4   4   29
3   0   0   30
3   0   1   35
3   0   2   28
3   0   3   41
3   0   4   55
3   1   0   41
3   1   1   97
3   1   2   36
3   1   3   84
3   1   4   49
3   2   0   66
3   2   1   12
3   2   2   53
3   2   3   65
3   2   4   77
3   3   0   38
3   3   1   76
3   3   2   46
3   3   3   11
3   3   4   16
3   4   0   93
3   4   1   11
3   4   2   48
3   4   3   38
3   4   4   100
4   0   0   48
4   0   1   16
4   0   2   94
4   0   3   80
4   0   4   30
4   1   0   65
4   1   1   80
4   1   2   2
4   1   3   26
4   1   4   90
4   2   0   59
4   2   1   34
4   2   2   1
4   2   3   90
4   2   4   71
4   3   0   18
4   3   1   47
4   3   2   39
4   3   3   44
4   3   4   39
4   4   0   37
4   4   1   22
4   4   2   20
4   4   3   97
4   4   4   48
