0   0   0   54
0   0   1   13
0   0   2   26
0   0   3   41
0   0   4   54
0   1   0   58
0   1   1   34
0   1   2   96
0   1   3   40
0   1   4   52
0   2   0   59
0   2   1   95
0   2   2   61
0   2   3   39
0   2   4   30
0   3   0   76
0   3   1   99
0   3   2   93
0   3   3   34
0   3   4   63
0   4   0   77
0   4   1   37
0   4   2   47
0   4   3   74
0   4   4   65
1   0   0   85
1   0   1   93
1   0   2   20
1   0   3   43
1   0   4   29
1   1   0   60
1   1   1   63
1   1   2   46
1   1   3   17
1   1   4   28
1   2   0   73
1   2   1   49
1   2   2   1
1   2   3   71
1   2   4   99
1   3   0   93
1   3   1   46
1   3   2   29
1   3   3   1
1   3   4   44
1   4   0   93
1   4   1   64
1   4   2   84
1   4   3   73
1   4   4   2
2   0   0   10
2   0   1   22
2   0   2   87
2   0   3   14
2   0   4   70
2   1   0   32
2   1   1   58
2   1   2   20
2   1   3   87
2   1   4   57
2   2   0   17
2   2   1   55
2   2   2   55
2   2   3   15
2   2   4   16
2   3   0   38
2   3   1   67
2   3   2   98
2   3   3   78
2   3   4   61
2   4   0   13
2   4   1   92
2   4   2   32
2   4   3   75
2   4   4   64
3   0   0   78
3   0   1   25
3   0   2   85
3   0   3   34
3   0   4   51
3   1   0   28
3   1   1   100
3   1   2   30
3   1   3   10
3   1   4   45
3   2   0   65
3   2   1   52
3   2   2   13
3   2   3   80
3   2   4   35
3   3   0   8
3   3   1   84
3   3   2   1
3   3   3   60
3   3   4   11
3   4   0   54
3   4   1   92
3   4   2   22
3   4   3   26
3   4   4   54
4   0   0   30
4   0   1   97
4   0   2   54
4   0   3   62
4   0   4   59
4   1   0   92
4   1   1   64
4   1   2   21
4   1   3   69
4   1   4   88
4   2   0   27
4   2   1   73
4   2   2   20
4   2   3   42
4   2   4   5
4   3   0   52
4   3   1   93
4   3   2   46
4   3   3   71
4   3   4   75
4   4   0   63
4   4   1   77
4   4   2   18
4   4   3   27
4   4   4   14
