0   0   0   89
0   0   1   60
0   0   2   88
0   0   3   36
0   0   4   36
0   1   0   13
0   1   1   85
0   1   2   90
0   1   3   85
0   1   4   35
0   2   0   68
0   2   1   20
0   2   2   16
0   2   3   46
0   2   4   77
0   3   0   62
0   3   1   26
0   3   2   20
0   3   3   32
0   3   4   4
0   4   0   99
0   4   1   99
0   4   2   40
0   4   3   5
0   4   4   4
1   0   0   80
1   0   1   66
1   0   2   92
1   0   3   8
1   0   4   25
1   1   0   66
1   1   1   22
1   1   2   55
1   1   3   7
1   1   4   51
1   2   0   4
1   2   1   33
1   2   2   33
1   2   3   42
1   2   4   55
1   3   0   78
1   3   1   18
1   3   2   1
1   3   3   90
1   3   4   66
1   4   0   48
1   4   1   23
1   4   2   80
1   4   3   18
1   4   4   17
2   0   0   49
2   0   1   63
2   0   2   30
2   0   3   40
2   0   4   9
2   1   0   4
2   1   1   58
2   1   2   62
2   1   3   53
2   1   4   67
2   2   0   22
2   2   1   58
2   2   2   97
2   2   3   56
2   2   4   31
2   3   0   95
2   3   1   56
2   3   2   22
2   3   3   13
2   3   4   94
2   4   0   28
2   4   1   33
2   4   2   45
2   4   3   92
2   4   4   99
3   0   0   53
3   0   1   57
3   0   2   71
3   0   3   4
3   0   4   40
3   1   0   15
3   1   1   100
3   1   2   67
3   1   3   36
3   1   4   22
3   2   0   44
3   2   1   53
3   2   2   87
3   2   3   20
3   2   4   51
3   3   0   11
3   3   1   24
3   3   2   70
3   3   3   6
3   3   4   44
3   4   0   12
3   4   1   32
3   4   2   93
3   4   3   17
3   4   4   100
4   0   0   72
4   0   1   40
4   0   2   71
4   0   3   37
4   0   4   92
4   1   0   58
4   1   1   34
4   1   2   29
4   1   3   78
4   1   4   11
4   2   0   84
4   2   1   77
4   2   2   90
4   2   3   92
4   2   4   35
4   3   0   12
4   3   1   5
4   3   2   27
4   3   3   92
4   3   4   91
4   4   0   23
4   4   1   65
4   4   2   91
4   4   3   85
4   4   4   14
